0 -47.8946 -47.8946 -47.8946 1046.3 133.575 46 701 389.22
1 -64.4827 -64.4827 -64.4827 1044.42 148.029 131 1165 499.152
2 -44.2638 -64.4827 -64.4827 1072.53 186.723 87 914 499.52
3 -64.4829 -64.4829 -64.4829 1151.52 203.9 156 938 508.34
4 -40.3541 -64.4829 -64.4829 966.166 78.4489 88 1557 5784
5 -47.1688 -64.4829 -64.4829 1014.21 123.346 159 1557 575.23
6 -47.2323 -64.4829 -64.4829 914.243 164.128 96 624 392.052
7 -33.2487 -64.4829 -64.4829 1067.19 207.351 36 1189 469.62
8 -43.1367 -64.4829 -64.4829 1038.47 259.255 42 1425 458.552
9 -63.0217 -64.4829 -64.4829 1059.57 96.0046 75 859 489.253
10 -50.8176 -64.4829 -64.4829 875.387 75.9575 159 816 440.054
11 -54.2346 -64.4829 -64.4829 938.924 38.1839 193 907 506.32
12 -45.5841 -64.4829 -64.4829 1029.2 184.374 114 743 421.92
13 -48.0762 -64.4829 -64.4829 829.642 70.4166 185 804 428.955
14 -66.6866 -66.6866 -66.6866 759.965 1.81582 249 830 463.355
15 -56.1951 -66.6866 -66.6866 717.57 63.8583 82 1115 438.153
16 -62.7171 -66.6866 -66.6866 819.327 55.0616 142 1317 5305
17 -37.0683 -66.6866 -66.6866 800.574 157.106 96 1038 504.46
18 -56.9119 -66.6866 -66.6866 632.809 -21.3409 262 868 479.652
19 -48.815 -66.6866 -66.6866 747.478 44.0996 201 1108 472.82
20 -56.5824 -66.6866 -66.6866 484.991 34.2858 146 1119 482.63
21 -53.4857 -66.6866 -66.6866 537.359 -22.7644 172 708 389.13
22 -59.3323 -66.6866 -66.6866 467.394 -20.4694 208 780 422.22
23 -59.9672 -66.6866 -66.6866 540.055 -21.2399 307 911 453.057
24 -51.2233 -66.6866 -66.6866 383.084 -24.1221 224 827 423.252
25 -60.6085 -66.6866 -66.6866 281.902 -26.2047 200 826 392.72
26 -65.4885 -66.6866 -66.6866 332.102 -34.5527 230 1124 4372
27 -63.1441 -66.6866 -66.6866 165.234 -39.0089 211 837 333.752
28 -63.2215 -66.6866 -66.6866 216.666 -32.791 165 652 340.22
29 -65.5073 -66.6866 -66.6866 373.561 -30.9725 179 1025 422.453
30 -66.2826 -66.6866 -66.6866 188.476 -40.153 135 669 309.752
31 -66.3656 -66.6866 -66.6866 77.5488 -50.6418 167 511 259.652
32 -66.009 -66.6866 -66.6866 102.625 -49.5011 108 764 255.83
33 -66.246 -66.6866 -66.6866 124.394 -48.6777 104 445 258.352
34 -66.2449 -66.6866 -66.6866 6.12431 -57.7541 101 341 186.852
35 -66.0465 -66.6866 -66.6866 74.431 -55.2912 124 583 221.852
36 -66.3125 -66.6866 -66.6866 -13.0724 -61.8149 93 476 166.052
37 -66.1266 -66.6866 -66.6866 71.4748 -55.0313 92 639 216.752
38 -66.0649 -66.6866 -66.6866 -45.9147 -61.8925 93 425 140.452
39 -66.3245 -66.6866 -66.6866 9.69651 -59.187 85 417 177.652
40 -66.2707 -66.6866 -66.6866 -28.1625 -60.856 87 392 158.952
41 -45.3725 -45.3725 -66.6866 846.311 152.933 65 895 494.92
42 -41.8906 -45.3725 -66.6866 1066.63 300.758 68 1042 379.253
43 -60.1061 -60.1061 -66.6866 1068.65 69.3773 179 1330 569.056
44 -45.226 -60.1061 -66.6866 1040.36 34.8089 175 1220 611.052
45 -48.2359 -60.1061 -66.6866 1027.81 182.687 24 1041 515.653
46 -48.391 -60.1061 -66.6866 1014.67 67.9133 94 1283 451.32
47 -50.3537 -60.1061 -66.6866 944.493 138.394 59 631 394.853
48 -42.2323 -60.1061 -66.6866 885.236 44.5941 62 1551 583.92
49 -41.8548 -60.1061 -66.6866 1036.2 48.8985 75 900 519.12
50 -54.4997 -60.1061 -66.6866 942.364 130.292 60 876 429.756
51 -47.7129 -60.1061 -66.6866 897.661 44.9997 157 837 471.64
52 -44.922 -60.1061 -66.6866 803.413 93.8396 213 1497 544.352
53 -47.0691 -60.1061 -66.6866 955.597 77.9784 98 903 480.554
54 -52.675 -60.1061 -66.6866 833.833 76.8495 106 1210 533.654
55 -42.2006 -60.1061 -66.6866 656.431 14.5988 189 1005 455.352
56 -46.4123 -60.1061 -66.6866 536.66 11.6975 193 725 426.952
57 -56.2549 -60.1061 -66.6866 614.387 -6.21347 229 735 426.93
58 -55.416 -60.1061 -66.6866 828.115 -28.9103 248 778 424.053
59 -42.2569 -60.1061 -66.6866 624.393 -15.6988 194 1673 519.22
60 -58.501 -60.1061 -66.6866 500.187 18.1611 156 895 442.12
61 -50.3932 -60.1061 -66.6866 547.021 49.4378 108 1320 432.32
62 -50.7918 -60.1061 -66.6866 530.601 14.9963 193 1001 414.15
63 -59.8393 -60.1061 -66.6866 283.133 -29.0081 169 488 339.23
64 -50.3744 -60.1061 -66.6866 401.644 -27.5303 179 880 371.654
65 -52.1651 -60.1061 -66.6866 325.766 -27.1215 88 675 375.852
66 -63.2695 -63.2695 -66.6866 231.428 -31.0058 181 1287 387.755
67 -48.3995 -63.2695 -66.6866 161.679 -30.935 197 766 337.353
68 -46.9833 -63.2695 -66.6866 199.013 -30.7124 191 661 367.13
69 -55.6042 -63.2695 -66.6866 234.045 -31.2016 150 446 278.953
70 -50.4481 -63.2695 -66.6866 246.116 -32.3187 190 748 352.53
71 -52.4318 -63.2695 -66.6866 173.559 -18.3646 138 447 278.52
72 -50.159 -63.2695 -66.6866 79.4338 -35.9758 142 522 286.82
73 -59.2327 -63.2695 -66.6866 220.193 -34.3831 137 970 317.73
74 -48.4131 -63.2695 -66.6866 74.3054 -34.7945 115 602 311.352
75 -55.5689 -63.2695 -66.6866 54.3783 -36.0995 167 404 263.22
76 -55.4236 -63.2695 -66.6866 41.9564 -37.5287 157 412 255.52
77 -55.9946 -63.2695 -66.6866 72.548 -36.6518 161 390 2513
78 -59.0029 -63.2695 -66.6866 77.9003 -36.8123 128 592 312.62
79 -64.1335 -64.1335 -66.6866 42.6383 -39.0562 159 360 248.43
80 -64.2209 -64.2209 -66.6866 95.2078 -9.48564 147 539 276.13
81 -57.1602 -64.2209 -66.6866 25.8173 -38.2748 150 417 244.72
82 -64.095 -64.2209 -66.6866 35.7682 -43.5431 120 540 258.752
83 -64.2873 -64.2873 -66.6866 44.6383 -42.9154 130 385 248.353
84 -64.1966 -64.2873 -66.6866 49.2997 -51.627 107 372 204.352
85 -64.3343 -64.3343 -66.6866 23.5467 -50.1805 102 466 227.652
86 -64.283 -64.3343 -66.6866 -1.04293 -52.5732 104 308 181.32
87 -65.3291 -65.3291 -66.6866 -21.7933 -56.5164 89 375 173.92
88 -64.1901 -65.3291 -66.6866 -3.27324 -52.686 93 339 1802
89 -65.7222 -65.7222 -66.6866 26.4302 -48.6396 82 451 200.32
90 -65.4957 -65.7222 -66.6866 -30.8423 -57.836 65 452 161.22
91 -65.7194 -65.7222 -66.6866 28.0773 -57.6288 75 525 165.52
92 -65.4706 -65.7222 -66.6866 -14.0739 -58.5609 89 436 162.72
93 -65.5987 -65.7222 -66.6866 -8.47397 -60.1832 81 279 130.72
94 -65.6148 -65.7222 -66.6866 -37.2961 -62.2778 94 233 138.552
95 -65.7342 -65.7342 -66.6866 -30.0332 -60.6265 82 545 161.13
96 -65.6824 -65.7342 -66.6866 -50.7607 -63.2947 86 249 130.62
97 -65.6371 -65.7342 -66.6866 -36.0899 -60.761 82 246 133.852
98 -65.7121 -65.7342 -66.6866 -53.2848 -63.3387 94 200 121.82
99 -65.6384 -65.7342 -66.6866 -2.08423 -58.967 75 912 154.152
100 -65.6782 -65.7342 -66.6866 -45.6038 -63.5753 77 232 120.62
101 -44.6227 -44.6227 -66.6866 913.633 172.02 48 920 445.83
102 -47.0323 -47.0323 -66.6866 944.113 66.7489 128 845 470.952
103 -55.6563 -55.6563 -66.6866 931.878 25.1004 229 994 527.052
104 -56.1182 -56.1182 -66.6866 1183.52 158.952 87 867 465.82
105 -51.5005 -56.1182 -66.6866 840.8 176.361 109 1230 475.752
106 -47.0775 -56.1182 -66.6866 936.242 51.8977 208 703 435.353
107 -48.454 -56.1182 -66.6866 941.405 112.668 168 896 451.22
108 -46.7969 -56.1182 -66.6866 942.257 106.798 96 930 456.752
109 -54.6359 -56.1182 -66.6866 1049.98 88.2199 96 1470 471.852
110 -49.6857 -56.1182 -66.6866 891.197 100.577 171 1087 476.153
111 -36.9104 -56.1182 -66.6866 1001.17 101.015 138 1262 504.63
112 -42.7795 -56.1182 -66.6866 861.767 157.804 83 950 421.33
113 -49.6879 -56.1182 -66.6866 680.046 151.316 56 918 4264
114 -44.9464 -56.1182 -66.6866 883.883 120.055 78 1607 594.153
115 -45.6655 -56.1182 -66.6866 657.87 28.5783 37 1121 4114
116 -50.7983 -56.1182 -66.6866 690.316 119.702 82 850 418.82
117 -49.7383 -56.1182 -66.6866 547.16 -19.5858 266 990 491.53
118 -48.7706 -56.1182 -66.6866 664.137 31.0377 193 713 394.952
119 -41.3012 -56.1182 -66.6866 750.87 146.205 82 1022 404.52
120 -52.9992 -56.1182 -66.6866 412.282 35.1154 54 1147 395.652
121 -46.1288 -56.1182 -66.6866 445.437 79.3999 62 995 372.43
122 -58.8961 -58.8961 -66.6866 227.987 -32.4566 202 476 322.353
123 -44.2483 -58.8961 -66.6866 345.441 -13.1913 194 549 341.453
124 -53.7946 -58.8961 -66.6866 410.729 -28.2929 166 590 374.552
125 -48.4818 -58.8961 -66.6866 310.974 -30.2524 218 576 3522
126 -55.1085 -58.8961 -66.6866 199.57 -30.1923 190 419 276.32
127 -45.2076 -58.8961 -66.6866 238.132 -23.5911 185 971 336.32
128 -46.5199 -58.8961 -66.6866 273.503 3.56842 213 581 360.33
129 -56.0879 -58.8961 -66.6866 198.926 -28.2258 172 669 310.22
130 -53.4185 -58.8961 -66.6866 148.707 -29.278 165 466 314.152
131 -52.9423 -58.8961 -66.6866 182.35 -27.3643 174 603 304.152
132 -48.6708 -58.8961 -66.6866 211.8 -33.7902 177 638 331.254
133 -59.5559 -59.5559 -66.6866 156.466 -34.4807 133 503 242.14
134 -65.6393 -65.6393 -66.6866 97.0755 -38.4447 104 437 260.353
135 -61.9573 -65.6393 -66.6866 94.6834 -36.4995 183 763 294.34
136 -59.8432 -65.6393 -66.6866 90.9675 -42.7255 159 427 284.053
137 -61.466 -65.6393 -66.6866 131.315 -35.4417 126 470 250.953
138 -66.0997 -66.0997 -66.6866 81.0292 -46.1949 123 347 239.93
139 -66.1585 -66.1585 -66.6866 27.1713 -51.8501 115 341 218.252
140 -66.1463 -66.1585 -66.6866 39.6386 -49.6033 96 891 270.62
141 -66.1283 -66.1585 -66.6866 38.5622 -52.665 83 402 201.952
142 -66.6885 -66.6885 -66.6885 8.62254 -52.2533 67 427 198.152
143 -66.354 -66.6885 -66.6885 2.16537 -56.4466 99 358 169.452
144 -66.7614 -66.7614 -66.7614 4.71981 -56.6573 92 266 169.252
145 -66.748 -66.7614 -66.7614 9.20053 -56.6127 60 293 158.12
146 -66.7743 -66.7743 -66.7743 -34.9047 -61.1642 92 247 146.852
147 -66.7468 -66.7743 -66.7743 -31.9395 -61.1299 80 331 129.252
148 -66.7315 -66.7743 -66.7743 -19.9961 -61.5674 69 436 144.82
149 -66.7937 -66.7937 -66.7937 4.02977 -55.9994 76 901 191.052
150 -45.7451 -45.7451 -66.7937 1005.49 27.3245 164 1029 501.852
151 -46.4233 -46.4233 -66.7937 909.383 38.3712 294 996 555.852
152 -52.4695 -52.4695 -66.7937 1067.05 36.5459 175 1017 575.32
