0 -55.8982 -55.8982 -55.8982 1213.19 145.714 28 1191 550.72
1 -44.4616 -55.8982 -55.8982 1302.17 112.557 156 1460 644.952
2 -57.5369 -57.5369 -57.5369 1162.47 123.166 184 1247 562.62
3 -64.4074 -64.4074 -64.4074 1121.91 226.328 11 902 448.754
4 -50.6124 -64.4074 -64.4074 1364.71 201.785 98 905 474.62
5 -50.6207 -64.4074 -64.4074 1079.2 -30.1551 245 1310 606.22
6 -48.697 -64.4074 -64.4074 1273.12 41.4541 189 1039 584.052
7 -39.4286 -64.4074 -64.4074 1145.8 68.0531 186 1863 646.12
8 -52.4094 -64.4074 -64.4074 1293.19 193.58 157 964 469.052
9 -54.23 -64.4074 -64.4074 1237.18 167.418 85 1226 579.12
10 -47.2705 -64.4074 -64.4074 1230.87 79.94 120 1310 697.752
11 -47.8107 -64.4074 -64.4074 1166.52 4.2383 256 975 558.753
12 -65.4088 -65.4088 -65.4088 1272.21 109.28 159 1422 595.22
13 -56.3263 -65.4088 -65.4088 1085.37 192.27 199 1051 464.153
14 -55.7735 -65.4088 -65.4088 1179.67 173.027 42 1350 567.94
15 -61.2038 -65.4088 -65.4088 1037.26 61.5113 213 2384 640.254
16 -59.025 -65.4088 -65.4088 955.135 19.7744 250 1292 554.42
17 -51.9125 -65.4088 -65.4088 1281.54 114.224 280 1566 592.82
18 -55.5835 -65.4088 -65.4088 863.787 -13.3495 230 1110 556.854
19 -55.5224 -65.4088 -65.4088 781.415 26.7173 199 681 424.853
20 -62.8195 -65.4088 -65.4088 786.857 50.2416 71 933 471.553
21 -60.2418 -65.4088 -65.4088 668.421 -8.12035 255 860 476.34
22 -44.5049 -65.4088 -65.4088 686.828 -19.1632 242 1052 493.752
23 -50.3404 -65.4088 -65.4088 647.277 36.7478 139 1357 543.253
24 -56.3246 -65.4088 -65.4088 672.004 -1.96438 124 1432 558.652
25 -55.6753 -65.4088 -65.4088 635.739 -27.86 331 1007 499.352
26 -60.224 -65.4088 -65.4088 612.165 9.94515 97 909 414.33
27 -55.6946 -65.4088 -65.4088 466.946 -22.4179 265 699 408.93
28 -59.0731 -65.4088 -65.4088 505.305 -23.3846 211 1072 419.52
29 -63.6074 -65.4088 -65.4088 478.778 2.86248 144 827 447.052
30 -63.1783 -65.4088 -65.4088 292.964 -33.1761 210 754 400.752
31 -52.6834 -65.4088 -65.4088 407.652 -34.0275 201 658 377.853
32 -54.6107 -65.4088 -65.4088 390.94 -32.2123 207 1078 414.853
33 -58.1674 -65.4088 -65.4088 429.493 -27.098 224 971 456.93
34 -51.7512 -65.4088 -65.4088 401.885 -27.7599 173 620 372.453
35 -61.0436 -65.4088 -65.4088 239.059 -39.6847 183 669 327.254
36 -61.8465 -65.4088 -65.4088 295.692 -37.2166 130 836 411.352
37 -55.0085 -65.4088 -65.4088 269.16 -29.8308 222 619 342.52
38 -58.728 -65.4088 -65.4088 291.596 -34.7215 203 689 347.852
39 -55.5624 -65.4088 -65.4088 248.512 -36.5456 124 834 350.12
40 -64.5708 -65.4088 -65.4088 171.474 -37.8522 138 604 360.152
41 -65.0768 -65.4088 -65.4088 246.577 -42.8608 137 611 317.452
42 -64.1986 -65.4088 -65.4088 134.086 -46.12 116 673 312.952
43 -65.0365 -65.4088 -65.4088 107.134 -51.7345 94 540 257.552
44 -65.3008 -65.4088 -65.4088 82.1742 -53.2674 94 416 209.952
45 -65.3066 -65.4088 -65.4088 73.2887 -54.9961 78 479 2012
46 -65.5019 -65.5019 -65.5019 42.5893 -51.1126 100 550 210.42
47 -65.5621 -65.5621 -65.5621 43.4458 -47.6411 77 408 182.72
48 -65.3014 -65.5621 -65.5621 3.32173 -56.0976 83 382 180.92
49 -65.1705 -65.5621 -65.5621 -2.56918 -60.9193 75 303 1582
50 -65.4465 -65.5621 -65.5621 12.8652 -59.0777 70 394 1602
51 -65.4598 -65.5621 -65.5621 -10.552 -60.6496 77 504 134.552
52 -50.6682 -50.6682 -65.5621 1235.95 81.411 201 981 621.954
53 -62.7997 -62.7997 -65.5621 1227.31 184.93 72 1180 533.32
54 -54.7747 -62.7997 -65.5621 1215.09 41.5039 231 949 579.94
55 -64.8111 -64.8111 -65.5621 1480.33 99.0694 82 1577 647.93
56 -61.8306 -64.8111 -65.5621 1237.76 222.36 122 1077 485.32
57 -56.2023 -64.8111 -65.5621 1087.65 75.5386 81 978 526.83
58 -56.8672 -64.8111 -65.5621 1147.6 175.296 124 1586 602.12
59 -49.9295 -64.8111 -65.5621 1220.35 68.8796 256 1190 553.83
60 -52.1543 -64.8111 -65.5621 1097.81 105.015 214 1030 492.32
61 -47.8173 -64.8111 -65.5621 1082.01 70.6655 183 1315 577.32
62 -59.8796 -64.8111 -65.5621 1051.12 47.784 132 1043 528.955
63 -55.5598 -64.8111 -65.5621 1149.95 209.81 66 1553 599.63
64 -67.746 -67.746 -67.746 886.827 20.9155 225 1080 623.653
65 -43.9083 -67.746 -67.746 1038.78 21.0988 253 1449 656.454
66 -50.913 -67.746 -67.746 1100.17 64.0509 203 1218 550.854
67 -61.9691 -67.746 -67.746 887.115 4.00024 289 1378 607.253
68 -48.9103 -67.746 -67.746 797.424 72.1236 28 1068 524.454
69 -55.7311 -67.746 -67.746 879.589 51.1208 94 1228 585.552
70 -53.4453 -67.746 -67.746 792.348 17.8678 224 1128 594.456
71 -57.184 -67.746 -67.746 613.192 -29.6579 250 1474 546.62
72 -49.4342 -67.746 -67.746 745.421 -18.5379 175 1011 471.553
73 -65.34 -67.746 -67.746 562.404 -21.8984 275 1172 507.352
74 -58.0985 -67.746 -67.746 627.407 14.4014 148 855 474.554
75 -62.0811 -67.746 -67.746 493.738 -35.1281 250 1246 454.553
76 -68.9142 -68.9142 -68.9142 447.169 -33.156 216 826 4382
77 -62.9964 -68.9142 -68.9142 502.391 -23.3277 292 882 480.65
78 -68.0779 -68.9142 -68.9142 396.598 -37.5739 156 854 416.653
79 -62.794 -68.9142 -68.9142 522.19 -36.6644 259 858 427.852
80 -60.5288 -68.9142 -68.9142 374.335 -39.313 214 963 418.752
81 -72.1158 -72.1158 -72.1158 276.644 -41.65 184 993 387.13
82 -75.0581 -75.0581 -75.0581 299.714 -42.778 200 480 301.553
83 -74.1638 -75.0581 -75.0581 327.239 -45.7142 160 671 320.83
84 -67.2237 -75.0581 -75.0581 261.561 -50.8351 148 457 288.353
85 -73.7963 -75.0581 -75.0581 135.732 -54.6941 134 1083 2992
86 -74.5585 -75.0581 -75.0581 211.859 -55.0119 101 927 271.552
87 -73.893 -75.0581 -75.0581 153.603 -56.7618 135 574 256.452
88 -73.8275 -75.0581 -75.0581 37.9879 -67.9958 123 359 188.92
89 -73.8022 -75.0581 -75.0581 39.9487 -63.2127 103 353 202.652
90 -75.6037 -75.6037 -75.6037 119.647 -63.1003 117 596 227.652
91 -75.9632 -75.9632 -75.9632 9.72881 -69.7443 92 325 170.42
92 -75.5074 -75.9632 -75.9632 1.06002 -69.6293 104 323 1762
93 -75.7044 -75.9632 -75.9632 49.6362 -69.5632 116 374 185.553
94 -75.8876 -75.9632 -75.9632 -27.7382 -67.8335 102 394 176.22
95 -75.6164 -75.9632 -75.9632 -3.39579 -70.1461 118 293 160.652
96 -76.0715 -76.0715 -76.0715 -4.22793 -72.7862 99 279 168.252
97 -76.2465 -76.2465 -76.2465 -2.64676 -70.614 98 343 152.12
98 -76.1007 -76.2465 -76.2465 -54.7761 -72.5408 104 243 139.22
99 -76.003 -76.2465 -76.2465 -27.5146 -70.2226 101 468 175.653
100 -76.2922 -76.2922 -76.2922 13.2088 -69.3127 92 1055 187.352
101 -76.2003 -76.2922 -76.2922 -26.2694 -69.9217 97 486 1702
102 -72.6948 -72.6948 -76.2922 1263.36 219.956 5 994 485.853
103 -59.8577 -72.6948 -76.2922 1341.62 208.064 121 797 496.953
104 -58.8546 -72.6948 -76.2922 1292.12 203.488 97 1066 473.453
105 -49.6274 -72.6948 -76.2922 1217.17 -10.0125 370 1261 644.354
106 -46.9594 -72.6948 -76.2922 973.632 106.157 271 1136 530.42
107 -65.1479 -72.6948 -76.2922 1043.89 185.003 96 957 463.654
108 -49.1278 -72.6948 -76.2922 1208.87 124.551 196 1218 575.652
109 -46.5928 -72.6948 -76.2922 1395.49 120.917 30 1067 602.22
110 -41.0107 -72.6948 -76.2922 1316.07 148.302 120 1429 578.62
111 -47.1026 -72.6948 -76.2922 1184.82 32.0444 168 1020 599.952
112 -55.0623 -72.6948 -76.2922 983.146 72.6611 78 1026 485.352
113 -62.1577 -72.6948 -76.2922 1231.19 53.1771 225 1126 609.354
114 -57.7942 -72.6948 -76.2922 1005.53 131.737 115 756 443.558
115 -52.0353 -72.6948 -76.2922 1071.93 144.687 42 1035 504.52
116 -46.932 -72.6948 -76.2922 1090.95 145.993 118 1158 560.252
117 -60.2938 -72.6948 -76.2922 1156.14 61.7009 283 1194 521.853
118 -62.8484 -72.6948 -76.2922 1119.97 50.5486 231 983 543.53
119 -56.0895 -72.6948 -76.2922 741.669 -23.9663 315 1501 545.52
120 -54.2307 -72.6948 -76.2922 616.611 5.60982 265 1210 559.44
121 -50.5929 -72.6948 -76.2922 769.786 -31.7109 310 1203 517.052
122 -57.7689 -72.6948 -76.2922 709.995 -33.6785 208 1565 551.752
123 -59.7871 -72.6948 -76.2922 760.849 -27.9326 234 868 530.42
124 -50.2716 -72.6948 -76.2922 809.138 -33.099 283 1317 519.72
125 -52.4398 -72.6948 -76.2922 482.802 -23.5614 205 751 451.52
126 -54.0964 -72.6948 -76.2922 552.147 -31.5374 184 799 466.452
127 -65.4155 -72.6948 -76.2922 602.471 -30.1959 223 1164 477.255
128 -51.8706 -72.6948 -76.2922 411.97 -29.6846 277 644 460.73
129 -70.0883 -72.6948 -76.2922 396.649 -36.1303 200 1041 479.554
130 -62.8481 -72.6948 -76.2922 334.716 -36.5606 178 880 334.052
131 -62.2363 -72.6948 -76.2922 190.359 -36.4437 168 872 382.64
132 -62.3228 -72.6948 -76.2922 317.991 -36.8278 163 727 364.756
133 -72.1132 -72.6948 -76.2922 246.473 -33.4689 189 750 331.252
134 -72.5204 -72.6948 -76.2922 258.614 -44.7952 151 436 297.62
135 -69.1209 -72.6948 -76.2922 211.391 -45.9762 171 524 315.754
136 -72.3298 -72.6948 -76.2922 273.164 -44.2067 193 754 374.052
137 -71.3453 -72.6948 -76.2922 200.778 -42.9985 193 774 368.952
138 -72.8001 -72.8001 -76.2922 123.75 -57.6071 139 441 253.73
139 -72.7663 -72.8001 -76.2922 160.282 -57.3516 115 516 257.552
140 -72.7381 -72.8001 -76.2922 96.5676 -53.9294 113 551 249.52
141 -73.8448 -73.8448 -76.2922 66.9256 -62.4692 87 537 230.852
142 -72.5869 -73.8448 -76.2922 44.3884 -59.3314 123 471 235.052
143 -73.2914 -73.8448 -76.2922 61.0553 -58.8232 106 826 243.952
144 -73.7568 -73.8448 -76.2922 92.1683 -60.1313 90 339 225.052
145 -73.7538 -73.8448 -76.2922 11.8711 -64.2116 133 404 209.82
146 -73.8768 -73.8768 -76.2922 11.4365 -65.8667 116 350 200.82
147 -73.6072 -73.8768 -76.2922 37.8308 -65.4623 101 447 199.852
148 -73.6843 -73.8768 -76.2922 -8.11779 -66.7511 62 366 1842
149 -73.7007 -73.8768 -76.2922 41.4708 -67.5865 126 481 197.72
150 -73.6927 -73.8768 -76.2922 -35.1656 -67.9122 117 260 155.62
151 -73.6327 -73.8768 -76.2922 -35.049 -69.6838 102 273 154.252
152 -73.7948 -73.8768 -76.2922 -38.8998 -70.232 113 264 1482
153 -54.9955 -54.9955 -76.2922 1156.14 150.446 121 1373 527.552
154 -48.3756 -54.9955 -76.2922 1333.08 126.404 92 1123 554.053
155 -49.3618 -54.9955 -76.2922 1146.94 166.879 160 694 449.356
156 -43.7506 -54.9955 -76.2922 1207.77 105.883 220 1001 576.552
157 -42.8185 -54.9955 -76.2922 1232.45 140.463 125 1080 5753
158 -40.3793 -54.9955 -76.2922 1429.37 249.83 70 2329 664.32
159 -64.6671 -64.6671 -76.2922 1029.45 122.849 199 1431 599.44
160 -49.2248 -64.6671 -76.2922 1304.28 109.315 333 1157 617.22
161 -48.5169 -64.6671 -76.2922 1301.92 250.287 14 1070 494.52
162 -62.9093 -64.6671 -76.2922 1170.6 82.5877 296 1044 601.12
163 -43.3068 -64.6671 -76.2922 1102.3 -3.84681 302 1083 646.22
164 -58.5765 -64.6671 -76.2922 1371.2 44.6874 209 1305 614.853
165 -61.4409 -64.6671 -76.2922 1072.05 36.126 205 1262 506.64
166 -57.7818 -64.6671 -76.2922 956.995 -18.6755 228 1323 610.92
167 -39.8835 -64.6671 -76.2922 1054.33 -2.71198 331 1296 644.153
168 -64.042 -64.6671 -76.2922 971.825 -31.7237 306 1323 548.42
169 -57.8686 -64.6671 -76.2922 846.205 26.7707 207 1331 550.552
